
0
1
2
3
4
5
6
4
5
6
4
5
6
4
5
6
4
5
6
4
5
6
4
5
6
4
5
6
4
5
6
4
5
7
 [1010]
8
Final state (34 steps):
((:DM :DEFAULT 0
      ((1000 1000)
       (1001 1001)
       (1002 1002)
       (1003 1003)
       (1004 1004)
       (1005 1005)
       (1006 1006)
       (1007 1007)
       (1008 1008)
       (1009 1009)))
 (:IM :DEFAULT 7
      ((0 16777216)
       (1 50332648)
       (2 83887090)
       (3 117440516)
       (4 33686785)
       (5 134351632)
       (6 134610950)
       (7 33685507)))
 (:INDATA 0)
 (:INRDY NIL)
 (:OUTSTROBE 1010)
 (:PCTR 8)
 (:R :DEFAULT 0 ((1 1010) (2 1010) (3 4)))
 (:EXCEPTION NIL))
